100347536855722268443968
100347536855722268443968000
10189681698341662902567000000
1028818157281011443900736000
1035573577046278629801624000
10418382318971653076658089664
10460328448148542110020223168
1052518993109893932360192
1052518993109893932360192000
10540376137822818733992000
10540376137822818733992000000
10602727616500692893196447744
1068500572439730714391371264
1070389030254883955307783000
10954855738728209854655036928
11026787448388774850127692352
11097634795948037111755309056
11207222238634150591771324416
1126897278383001183720689664
11462006113923396299233125888
1151031096182513182710850875
117521814003363975292155432
11805787363538869160164391232
118665259102702435177035072
11908528533022044766385140416
11988849155892385573290312000
1204699584061979387659210752
1218422299398840963448467264
12201802926547140536937489000
1220928480923572840157758656
1223438096749274669045869632
12263046362717053379112000000
12366499625602207777456128
12366499625602207777456128000
12543442106965283555496000
12543442106965283555496000000
12805998589168079475026456064
12836064311581372858318480704
131564874138736741545024
131564874138736741545024000
1317547017227852341749000
1317547017227852341749000000
1325340952062586611649555968
13311201111448414631360799168
13317367510877027534844590592
133562571554966339298921408
13459091107709143022870016000
13659459927706064717429026752
13722281199705983962555697472
13810554143406659332906849728
1387204349493504638969413632
1400902779829268823971415552
14029240639442171734943352000
140862159797875147965086208
14109666462209396721369452544
14222382206252702200483774464
14315769129087755778377650176
1432750764240424537404140736
14550022560751173720947294208
14690226750420496911519429000
14833157387837804397129384000
14939440244469364159132623936
150587448007747423457401344
15185341675341418638553606656
15362863839574292715034443264
1545812453200275972182016
1545812453200275972182016000
15478475877548238906030528576
1567930263370660444437000000
15801124543449451278260977152
15905033404214708257965220032
1600749823646009934378307008
16030594558611279442060083000
16287088723507809207995904000
16445609267342092693128000
16445609267342092693128000000
16459811001676538551794106368
164693377153481542718625000
165667619007823326456194496
1664670938859628441855573824
16695321444370792412365176000
1682386388463642877858752000
17027341551877271122393494336
17068110918369769289880576000
173400543686688079871176704
17452212119377567502688978624
175112847478658602996426944
1753655079930271466867919000
17607769974734393495635776
17607769974734393495635776000
17622633032454521895055884288
1763708307776174590171181568
1777797775781587775060471808
1789471141135969472297206272
18082507932371057137999335936
1818752820093896715118411776
18201241190165393197393343424
18213769966157830772338176000
18499073822899495755162734592
18583661392921774059943765824
18807900118087757753538588672
18823431000968427932175168
18823431000968427932175168000
19163432456093682155609847000
1920357979946786589379305408
193226556650034496522752
193226556650034496522752000
19427891678418974689943903808
19572966724917510998498223000
19579008610993683240639484416
19586983767152709870998538048
1975140567931181409782622144
20061360791076531532481680896
2035886090438476150999488000
2055701158417761586641000000
2057476375209567318974263296
20586672144185192839828125000
20609276771891383770753703872
20708452375977915807024312000
20716731341382042270645659136
210298298557955359732344000
21190544114775068239105536000
2133513864796221161235072000
21369311353040615039444189184
21675067960836009983897088
21675067960836009983897088000
21889105934832325374553368000
2200971246841799186954472000
2202829129056815236881985536
22044082642182116755613704512
220463538472021823771397696
222224721972698471882558976
223683892641996184037150784
22584616188632763216508956672
22732911163319908481405250048
227344102511737089389801472
2276721245769728846542272000
22776984263048696213680300608
23104896936748391603170934784
2312384227862436969395341824
23157206374796732758580424000
23435941836371477742691217856
2350987514760969719192323584
2352928875121053491521896000
23915627763750576793714005504
24153319581254312065344
24153319581254312065344000
24153319581254312065344000000
24364893736375073376947629632
2447376076374210405079935552
2507670098884566441560210112
257184546901195914871782912
2589591417672755283830707392
26287287319744419966543000
2648818014346883529888192000
2671163919130076879930523648
2709383495104501247987136
2709383495104501247987136000
275353641132101904610248192
2823077023579095402063619584
2841613895414988560175656256
28418012813967136173725184
284590155721216105817784000
2888112117093548950396366848
289048028482804621174417728
2894650796849591594822553000
293873439345121214899040448
2989453470468822099214250688
3019164947656789008168000
3019164947656789008168000000
3173088978090827332888196664
3203961995772965749779946944
3208735715369650389541590336
32148068362649489358972864
3285910914968052495817875000
3288188087688307292371943424
333895489891259609991315456
338672936888062655998392000
3396149959681006310883889152
34419205141512738076281024
3552251601745892021715648
3552251601745892021715648000
35573769465152013227223000
3595873759298398217352218688
3606189431984091161070878016
361014014636693618799545856
3615349015273226825759256000
377395618457098626021000000
3803278314542628995057327616
3919449165467106267367809984
3944059588577308038921718272
4018508545331186169871608000
4065861096209180433349836288
411023510961038411546492928
41736936236407451248914432
4214039172223022874217414656
4241709371581557267667451904
424518744960125788860486144
4302400642689092259535128000
4311117795778125546947346432
444031450218236502714456000
4446721183144001653402875000
4473025713211229814317251392
45126751829586702349943232
451918626909153353219907000
4681814679540578156521771008
4712602490137691335693398528
4728046881923782280903527488
475409789317828624382165952
4837103468066542923069700608
493007448572163504865214784
4960584622278429357668285376
508232637026147554168729536
5082903784352900063492311104
51377938870129801443311616
5171025813148908889685623296
5217117029550931406114304
5217117029550931406114304000
526754896527877859277176832
530213671447694658458431488
53064843120015723607560768
538889724472265693368418304
5396672582565283191803904000
5482344631872685006903846464
5506270042347192314057412096
5640843978698337793742904000
5678054061064794712773288000
5756412349161177685909304832
5799397548123706962517992000
585226834942572269565221376
589075311267211416961674816
5952515538744589241827737792
6000067493262858740829092352
6039465101333896969003071168
6138290767816901413524639744
6278679737711131330105344000
6331647808308330382057537536
6422242358766225180413952
6422242358766225180413952000
6456436833332170780736082624
646378226643613611210702912
6473108495640438555012837000
652139628693866425764288
652139628693866425764288000
65844362065984732409647104
66276708930961832307303936
6633105390001965450945096000
6664155569749432169480100672
67361215559033211671052288
674584072820660398975488000
688283755293399039257176512
6916052587633234463426718528
6943982766332289701538138624
709756757633099339096661000
719551543645147210738663104
7219227773740762482058556928
724924693515463370314749000
7264424857216790659709057472
73153354367821533695652672
7434548310566751424476701184
7521396096215294418697947648
7594576582572955851330244608
767286345977112676690579968
7683934204472834857080168000
7804296769035724771709278656
784834967213891416263168000
791455976038541297757192192
7934582862318272802274092096
7978331612787910397174563776
802780294845778147551744
802780294845778147551744000
81517453586733303220536000
8230545258248091551205888
8230545258248091551205888000
8284588616370229038412992
8284588616370229038412992000
8420151944879151458881536
8420151944879151458881536000
84323009102582549871936000
8548004579517845715130970112
8563112242039071642462264000
8644738764646312085619336384
867997845791536212692267328
9015178227064009469765517312
9016539550672336048524249000
902403471717595310257319616
9037054991165839212056391000
9067582690515874964024599104
9144169295977691711956584000
9208248769460105461686807000
929318538820843928059587648
9396051923540808716723926848
940174512026911802337243456
949322072821619481416280576
95910793247139084586322496
960491775559104357135021000
9637596672495835101273686016
9747378395190727707587738112
9767427847388582721262069248
9787504773994197352366957056
98104370901736427032896000
98931997004817662219649024
